174
737
698
764
333
741
262
170
248
431
26
807
713
766
408
869
815
206
470
486
32
683
915
615
33
457
305
923
104
590
759
553
229
88
536
548
884
286
438
809
658
109
389
693
349
962
325
863
772
221
45
701
381
732
388
216
686
195
747
839
97
643
895
526
148
972
110
412
593
375
1000
710
639
370
882
868
872
573
893
551
549
579
111
875
251
91
676
205
568
254
641
347
428
689
213
817
889
123
435
803
156
263
894
292
980
105
323
163
189
647
306
135
577
539
7
976
993
638
364
5
653
560
601
733
610
252
792
449
749
916
228
66
167
154
240
75
822
695
401
145
80
337
2
18
59
627
224
754
907
487
376
52
841
491
137
784
762
711
570
931
456
73
119
957
384
887
716
942
836
760
341
289
471
672
15
432
427
998
775
626
402
768
478
724
778
541
927
202
280
399
547
317
385
250
738
828
656
662
371
629
209
360
707
225
946
856
521
691
275
11
687
992
651
950
719
709
746
685
910
870
748
609
293
678
1
727
258
314
454
358
681
535
76
848
715
862
633
413
780
858
322
363
994
851
973
631
180
423
649
901
823
351
196
287
452
41
761
38
665
188
160
899
997
172
126
565
779
657
193
912
92
128
78
528
274
107
479
198
179
465
141
821
902
769
567
704
367
304
352
671
805
725
795
498
247
896
61
48
313
324
534
918
448
607
342
892
502
588
770
50
25
525
461
57
849
952
143
220
650
411
690
70
246
930
301
668
310
242
108
688
24
977
632
827
831
136
592
132
599
71
472
361
345
855
133
365
400
116
475
230
531
636
511
623
506
393
739
476
935
708
878
669
265
165
346
72
235
628
348
308
10
544
82
326
36
331
390
730
660
819
380
797
391
446
484
190
697
99
981
966
35
699
513
29
909
192
945
249
227
49
436
138
604
675
121
757
315
509
518
60
542
168
207
789
979
86
591
353
530
728
524
398
453
705
210
462
702
140
987
281
866
474
714
217
127
765
58
832
93
340
178
394
703
62
215
594
386
27
122
267
416
774
853
329
959
583
652
969
282
960
319
312
171
54
801
469
354
271
418
523
871
303
316
929
382
844
793
890
176
576
414
812
120
859
538
808
299
564
4
139
546
663
563
234
545
999
905
16
670
800
512
327
14
468
442
613
834
941
483
201
277
574
978
750
175
646
634
320
508
783
644
755
383
874
813
426
87
415
575
967
488
124
433
717
142
555
940
758
409
948
985
425
756
562
144
527
986
473
838
937
852
3
30
740
37
197
736
236
283
975
278
585
276
718
403
445
933
712
439
673
790
335
51
958
269
307
926
55
204
102
318
572
684
843
885
297
129
437
460
164
965
735
864
611
291
294
222
166
995
802
550
597
659
106
873
963
147
404
781
208
149
83
605
818
350
9
266
451
185
366
309
417
913
742
501
600
357
40
464
956
961
67
362
65
595
519
516
857
558
561
520
753
816
334
911
763
533
924
118
387
796
664
113
12
244
951
131
256
666
557
964
34
919
515
42
407
881
642
589
865
169
791
904
372
497
635
311
932
903
373
788
492
505
655
833
729
480
571
953
183
20
112
679
420
155
321
184
31
477
8
556
596
134
622
46
934
232
682
264
517
298
867
745
996
522
44
879
115
151
343
612
543
854
496
847
64
6
79
637
285
888
820
69
586
150
891
640
101
481
441
463
238
336
982
598
22
39
223
785
268
777
842
90
587
835
63
260
241
359
328
68
944
806
751
279
744
552
974
776
608
455
296
356
181
369
983
219
273
245
507
914
378
374
584
582
330
771
845
786
200
971
410
804
694
191
444
619
532
117
696
47
949
621
700
203
540
21
253
114
494
450
706
578
824
938
157
214
984
490
840
625
603
153
237
459
440
466
624
482
773
499
226
489
458
243
186
723
798
787
406
85
880
955
158
218
495
661
300
947
620
81
898
77
429
743
288
95
752
53
84
23
162
674
989
860
990
392
936
943
259
159
257
883
559
692
56
906
581
988
96
814
233
396
17
74
767
861
447
504
443
667
272
421
467
13
537
606
566
782
430
261
645
194
419
338
886
28
493
397
648
290
810
925
580
954
616
355
921
177
103
503
680
970
125
187
794
602
731
211
829
100
720
182
339
825
846
43
928
395
917
19
89
618
529
811
94
284
239
850
677
302
569
332
434
617
485
734
377
295
500
722
830
514
405
900
510
908
920
422
255
968
379
368
630
212
199
991
799
554
726
877
270
837
721
876
130
826
897
939
231
173
614
922
161
98
344
654
424
152
146